

#      T_kin	 LINE         E_UP       FREQ        WAVEL     T_EX      TAU        T_R       POP        POP       FLUX        FLUX
#      (K)             	      	(K)        (GHz)       (um)        (K)                  (K)        UP        LOW      (K*km/s) (erg/cm2/s)
	20		303>202     21.0    218.2222   1373.7945   19.420  1.883E+00  1.223E+01  1.929E-01  2.363E-01  2.603E+01  3.483E-06
	20		322>221     68.1    218.4756   1372.2009   18.169  9.878E-02  1.241E+00  1.668E-02  2.121E-02  2.643E+00  3.549E-07
	20		321>220     68.1    218.7601   1370.4167   18.176  9.881E-02  1.242E+00  1.666E-02  2.121E-02  2.644E+00  3.565E-07
	40		303>202     21.0    218.2222   1373.7945   38.131  6.162E-01  1.514E+01  1.428E-01  1.342E-01  3.223E+01  4.313E-06
	40		322>221     68.1    218.4756   1372.2009   37.364  1.014E-01  3.098E+00  4.124E-02  3.900E-02  6.595E+00  8.857E-07
	40		321>220     68.1    218.7601   1370.4167   37.277  1.016E-01  3.097E+00  4.119E-02  3.899E-02  6.592E+00  8.888E-07
	60		303>202     21.0    218.2222   1373.7945   59.648  2.824E-01  1.337E+01  1.077E-01  9.172E-02  2.846E+01  3.808E-06
	60		322>221     68.1    218.4756   1372.2009   59.743  6.719E-02  3.537E+00  4.617E-02  3.930E-02  7.529E+00  1.011E-06
	60		321>220     68.1    218.7601   1370.4167   59.415  6.756E-02  3.534E+00  4.608E-02  3.928E-02  7.523E+00  1.014E-06
	80		303>202     21.0    218.2222   1373.7945   86.892  1.526E-01  1.154E+01  8.723E-02  7.029E-02  2.456E+01  3.287E-06
	80		322>221     68.1    218.4756   1372.2009   89.020  4.325E-02  3.540E+00  4.561E-02  3.665E-02  7.538E+00  1.012E-06
	80		321>220     68.1    218.7601   1370.4167   87.603  4.393E-02  3.534E+00  4.549E-02  3.663E-02  7.525E+00  1.015E-06
	100		303>202     21.0    218.2222   1373.7945  124.093  8.912E-02  1.012E+01  7.412E-02  5.760E-02  2.155E+01  2.884E-06
	100		322>221     68.1    218.4756   1372.2009  128.789  2.812E-02  3.421E+00  4.370E-02  3.386E-02  7.283E+00  9.782E-07
	100		321>220     68.1    218.7601   1370.4167  126.603  2.859E-02  3.416E+00  4.359E-02  3.383E-02  7.272E+00  9.804E-07
        120		303>202     21.0    218.2222   1373.7945  180.065  5.330E-02  9.064E+00  6.517E-02  4.934E-02  1.930E+01  2.583E-06
	120		322>221     68.1    218.4756   1372.2009  187.407  1.817E-02  3.276E+00  4.161E-02  3.143E-02  6.974E+00  9.367E-07
	120		321>220     68.1    218.7601   1370.4167  180.870  1.881E-02  3.269E+00  4.149E-02  3.141E-02  6.960E+00  9.384E-07
        140		303>202     21.0    218.2222   1373.7945  269.960  3.163E-02  8.235E+00  5.855E-02  4.348E-02  1.753E+01  2.346E-06
	140		322>221     68.1    218.4756   1372.2009  306.176  1.050E-02  3.142E+00  3.974E-02  2.938E-02  6.690E+00  8.985E-07
	140		321>220     68.1    218.7601   1370.4167  283.932  1.131E-02  3.133E+00  3.960E-02  2.935E-02  6.670E+00  8.993E-07
        160       	303>202     21.0    218.2222   1373.7945  434.551  1.784E-02  7.586E+00  5.355E-02  3.918E-02  1.615E+01  2.161E-06
	160		322>221     68.1    218.4756   1372.2009  649.362  4.702E-03  3.020E+00  3.808E-02  2.764E-02  6.430E+00  8.636E-07
	160		321>220     68.1    218.7601   1370.4167  516.324  5.906E-03  3.008E+00  3.790E-02  2.763E-02  6.405E+00  8.635E-07
        180		303>202     21.0    218.2222   1373.7945  971.919  7.335E-03  7.063E+00  4.958E-02  3.580E-02  1.504E+01  2.012E-06
	180		322>221     68.1    218.4756   1372.2009  1.693E+04  1.721E-04  2.913E+00  3.663E-02  2.618E-02  6.203E+00  8.330E-07
	180		321>220     68.1    218.7601   1370.4167  2.087E+03  1.396E-03  2.903E+00  3.649E-02  2.619E-02  6.181E+00  8.334E-07
        200		303>202     21.0    218.2222   1373.7945 -1.424E+04 -4.662E-04  6.643E+00  4.644E-02  3.314E-02  1.414E+01  1.893E-06
	200		322>221     68.1    218.4756   1372.2009 -816.577 -3.424E-03  2.820E+00  3.538E-02  2.495E-02  6.003E+00  8.063E-07
	200		321>220     68.1    218.7601   1370.4167 -1.363E+03 -2.050E-03  2.809E+00  3.523E-02  2.497E-02  5.980E+00  8.062E-07
        240		303>202     21.0    218.2222   1373.7945 -540.204 -1.095E-02  6.008E+00  4.176E-02  2.926E-02  1.279E+01  1.712E-06
	240		322>221     68.1    218.4756   1372.2009 -281.537 -9.279E-03  2.676E+00  3.346E-02  2.303E-02  5.697E+00  7.651E-07
	240		321>220     68.1    218.7601   1370.4167 -363.203 -7.188E-03  2.660E+00  3.326E-02  2.308E-02  5.663E+00  7.635E-07
	280		303>202     21.0    218.2222   1373.7945 -309.245 -1.749E-02  5.553E+00  3.847E-02  2.656E-02  1.182E+01  1.582E-06
	280		322-221     68.1    218.4756   1372.2009 -188.973 -1.309E-02  2.563E+00  3.197E-02  2.160E-02  5.456E+00  7.328E-07
	280		321>220     68.1    218.7601   1370.4167 -233.587 -1.058E-02  2.544E+00  3.175E-02  2.168E-02  5.416E+00  7.303E-07
