
# H2_density	     pH2_density	oH2_density      LINE         E_UP       FREQ        WAVEL     T_EX      TAU        T_R       POP        POP       FLUX        FLUX
# [cm-3]	     [cm-3]		[cm-3]                  (K)        (GHz)       (um)      (K)                  (K)        UP        LOW      (K*km/s) (erg/cm2/s)
4.000E+02	     1.000E+02		3.000E+02		3_0_3-2_0_2     21.0    218.2222   1373.7945    2.954  1.528E+00  6.275E-02  3.324E-03  8.231E-02  1.336E-01  1.788E-08
4.000E+02	     1.000E+02		3.000E+02 		3_2_2-2_2_1     68.1    218.4756   1372.2009    2.975  7.873E-02  6.685E-03  3.152E-04  7.639E-03  1.423E-02  1.911E-09
4.000E+02	     1.000E+02		3.000E+02 		3_2_1-2_2_0     68.1    218.7601   1370.4167    3.072  1.294E-01  1.536E-02  5.781E-04  1.260E-02  3.270E-02  4.409E-09
1.200E+03	     3.000E+02		9.000E+02		3_0_3-2_0_2     21.0    218.2222   1373.7945    3.280  2.175E+00  1.929E-01  6.821E-03  1.186E-01  4.106E-01  5.495E-08
1.200E+03	     3.000E+02		9.000E+02		3_2_2-2_2_1     68.1    218.4756   1372.2009    3.059  2.326E-01  2.528E-02  1.029E-03  2.264E-02  5.382E-02  7.228E-09
1.200E+03	     3.000E+02		9.000E+02		3_2_1-2_2_0     68.1    218.7601   1370.4167    3.175  3.319E-01  4.800E-02  1.664E-03  3.244E-02  1.022E-01  1.378E-08
4.000E+03	     1.000E+03		3.000E+03		3_0_3-2_0_2     21.0    218.2222   1373.7945    4.116  3.059E+00  6.305E-01  1.909E-02  1.737E-01  1.342E+00  1.797E-07
4.000E+03	     1.000E+03		3.000E+03		3_2_2-2_2_1     68.1    218.4756   1372.2009    3.371  6.288E-01  1.210E-01  3.868E-03  6.197E-02  2.575E-01  3.459E-08
4.000E+03	     1.000E+03		3.000E+03		3_2_1-2_2_0     68.1    218.7601   1370.4167    3.516  7.511E-01  1.738E-01  5.267E-03  7.450E-02  3.701E-01  4.990E-08
1.200E+04	     3.000E+03		9.000E+03		3_0_3-2_0_2     21.0    218.2222   1373.7945    5.699  3.302E+00  1.688E+00  4.579E-02  2.055E-01  3.593E+00  4.808E-07
1.200E+04	     3.000E+03		9.000E+03		3_2_2-2_2_1     68.1    218.4756   1372.2009    4.200  1.070E+00  4.669E-01  1.265E-02  1.097E-01  9.940E-01  1.335E-07
1.200E+04	     3.000E+03		9.000E+03		3_2_1-2_2_0     68.1    218.7601   1370.4167    4.346  1.137E+00  5.434E-01  1.470E-02  1.176E-01  1.157E+00  1.560E-07
4.000E+04	     1.000E+04		3.000E+04		3_0_3-2_0_2     21.0    218.2222   1373.7945    9.092  2.683E+00  4.293E+00  9.078E-02  2.052E-01  9.140E+00  1.223E-06
4.000E+04	     1.000E+04		3.000E+04		3_2_2-2_2_1     68.1    218.4756   1372.2009    6.343  1.141E+00  1.533E+00  3.562E-02  1.329E-01  3.264E+00  4.384E-07
4.000E+04	     1.000E+04		3.000E+04		3_2_1-2_2_0     68.1    218.7601   1370.4167    6.417  1.143E+00  1.573E+00  3.644E-02  1.337E-01  3.349E+00  4.516E-07
1.200E+05	     3.000E+04		9.000E+04		3_0_3-2_0_2     21.0    218.2222   1373.7945   15.006  1.721E+00  8.327E+00  1.248E-01  1.792E-01  1.773E+01  2.373E-06
1.200E+05	     3.000E+04		9.000E+04		3_2_2-2_2_1     68.1    218.4756   1372.2009   10.743  7.667E-01  3.272E+00  6.112E-02  1.159E-01  6.965E+00  9.355E-07
1.200E+05	     3.000E+04		9.000E+04		3_2_1-2_2_0     68.1    218.7601   1370.4167   10.644  7.595E-01  3.200E+00  5.954E-02  1.141E-01  6.813E+00  9.186E-07
4.000E+05	     1.000E+05		3.000E+05		3_0_3-2_0_2     21.0    218.2222   1373.7945   29.083  7.643E-01  1.279E+01  1.291E-01  1.322E-01  2.722E+01  3.643E-06
4.000E+05	     1.000E+05		3.000E+05		3_2_2-2_2_1     68.1    218.4756   1372.2009   25.171  2.818E-01  4.926E+00  7.188E-02  7.787E-02  1.049E+01  1.408E-06
4.000E+05	     1.000E+05		3.000E+05		3_2_1-2_2_0     68.1    218.7601   1370.4167   24.278  2.861E-01  4.771E+00  6.972E-02  7.674E-02  1.016E+01  1.370E-06
1.200E+06	     3.000E+05		9.000E+05		3_0_3-2_0_2     21.0    218.2222   1373.7945   66.113  2.469E-01  1.330E+01  1.054E-01  8.817E-02  2.832E+01  3.790E-06
1.200E+06	     3.000E+05		9.000E+05		3_2_2-2_2_1     68.1    218.4756   1372.2009   78.182  6.603E-02  4.654E+00  6.065E-02  4.954E-02  9.908E+00  1.331E-06
1.200E+06	     3.000E+05		9.000E+05		3_2_1-2_2_0     68.1    218.7601   1370.4167   72.647  7.044E-02  4.577E+00  5.973E-02  4.930E-02  9.745E+00  1.314E-06
4.000E+06	     1.000E+06		3.000E+06		3_0_3-2_0_2     21.0    218.2222   1373.7945  124.093  8.912E-02  1.012E+01  7.412E-02  5.760E-02  2.155E+01  2.884E-06
4.000E+06	     1.000E+06		3.000E+06		3_2_2-2_2_1     68.1    218.4756   1372.2009  128.789  2.812E-02  3.421E+00  4.370E-02  3.386E-02  7.283E+00  9.782E-07
4.000E+06	     1.000E+06		3.000E+06		3_2_1-2_2_0     68.1    218.7601   1370.4167  126.603  2.859E-02  3.416E+00  4.359E-02  3.383E-02  7.272E+00  9.804E-07
1.200E+07	     3.000E+06		9.000E+06		3_0_3-2_0_2     21.0    218.2222   1373.7945  113.958  7.560E-02  7.905E+00  5.752E-02  4.504E-02  1.683E+01  2.252E-06
1.200E+07	     3.000E+06		9.000E+06		3_2_2-2_2_1     68.1    218.4756   1372.2009  111.776  2.612E-02  2.743E+00  3.501E-02  2.746E-02  5.839E+00  7.842E-07
1.200E+07	     3.000E+06		9.000E+06		3_2_1-2_2_0     68.1    218.7601   1370.4167  111.989  2.608E-02  2.744E+00  3.498E-02  2.744E-02  5.841E+00  7.875E-07
4.000E+07	     1.000E+07		3.000E+07		3_0_3-2_0_2     21.0    218.2222   1373.7945  104.336  7.190E-02  6.865E+00  4.987E-02  3.938E-02  1.462E+01  1.956E-06
4.000E+07	     1.000E+07		3.000E+07		3_2_2-2_2_1     68.1    218.4756   1372.2009  103.620  2.495E-02  2.420E+00  3.088E-02  2.441E-02  5.153E+00  6.920E-07
4.000E+07	     1.000E+07		3.000E+07		3_2_1-2_2_0     68.1    218.7601   1370.4167  103.853  2.490E-02  2.421E+00  3.085E-02  2.438E-02  5.155E+00  6.950E-07
