#H2_density	     pH2_density	oH2_density      LINE         E_UP       FREQ        WAVEL     T_EX      TAU        T_R       POP        POP       FLUX        FLUX
# [cm-3]	     [cm-3]		[cm-3]                       (K)        (GHz)       (um)      (K)                  (K)        UP        LOW      (K*km/s) (erg/cm2/s)
4.000E+02	1.000E+02	3.000E+02		3_0_3-2_0_2     21.0    218.2222   1373.7945    2.908  1.093E-01  6.516E-03  2.246E-03  5.879E-02  1.387E-02  1.856E-09
4.000E+02	1.000E+02	3.000E+02		3_2_2-2_2_1     68.1    218.4756   1372.2009    3.000  1.020E-02  9.928E-04  4.206E-04  9.906E-03  2.114E-03  2.839E-10
4.000E+02	1.000E+02	3.000E+02		3_2_1-2_2_0     68.1    218.7601   1370.4167    3.091  2.074E-02  2.756E-03  9.467E-04  2.020E-02  5.868E-03  7.911E-10
1.200E+03	3.000E+02	9.000E+02		3_0_3-2_0_2     21.0    218.2222   1373.7945    3.170  1.192E-01  1.894E-02  3.330E-03  6.473E-02  4.033E-02  5.398E-09
1.200E+03	3.000E+02	9.000E+02		3_2_2-2_2_1     68.1    218.4756   1372.2009    3.065  2.979E-02  3.648E-03  1.327E-03  2.900E-02  7.766E-03  1.043E-09
1.200E+03	3.000E+02	9.000E+02		3_2_1-2_2_0     68.1    218.7601   1370.4167    3.164  5.276E-02  8.485E-03  2.613E-03  5.155E-02  1.806E-02  2.436E-09
4.000E+03	1.000E+03	3.000E+03		3_0_3-2_0_2     21.0    218.2222   1373.7945    3.726  1.425E-01  5.839E-02  6.683E-03  7.933E-02  1.243E-01  1.664E-08
4.000E+03	1.000E+03	3.000E+03		3_2_2-2_2_1     68.1    218.4756   1372.2009    3.285  8.105E-02  1.706E-02  4.578E-03  7.958E-02  3.632E-02  4.878E-09
4.000E+03	1.000E+03	3.000E+03		3_2_1-2_2_0     68.1    218.7601   1370.4167    3.399  1.148E-01  2.951E-02  7.229E-03  1.133E-01  6.284E-02  8.472E-09
1.200E+04	3.000E+03	9.000E+03		3_0_3-2_0_2     21.0    218.2222   1373.7945    4.592  1.772E-01  1.562E-01  1.478E-02  1.032E-01  3.324E-01  4.449E-08
1.200E+04	3.000E+03	9.000E+03		3_2_2-2_2_1     68.1    218.4756   1372.2009    3.845  1.401E-01  6.590E-02  1.293E-02  1.412E-01  1.403E-01  1.884E-08
1.200E+04	3.000E+03	9.000E+03		3_2_1-2_2_0     68.1    218.7601   1370.4167    3.975  1.662E-01  8.829E-02  1.682E-02  1.685E-01  1.880E-01  2.534E-08
4.000E+04	1.000E+04	3.000E+04		3_0_3-2_0_2     21.0    218.2222   1373.7945    6.351  2.138E-01  4.353E-01  3.726E-02  1.384E-01  9.267E-01  1.240E-07
4.000E+04	1.000E+04	3.000E+04		3_2_2-2_2_1     68.1    218.4756   1372.2009    5.443  1.529E-01  2.208E-01  3.436E-02  1.685E-01  4.702E-01  6.314E-08
4.000E+04	1.000E+04	3.000E+04		3_2_1-2_2_0     68.1    218.7601   1370.4167    5.588  1.616E-01  2.482E-01  3.841E-02  1.796E-01  5.285E-01  7.125E-08
1.200E+05	3.000E+04	9.000E+04		3_0_3-2_0_2     21.0    218.2222   1373.7945   10.095  1.867E-01  9.397E-01  7.505E-02  1.513E-01  2.001E+00  2.677E-07
1.200E+05	3.000E+04	9.000E+04		3_2_2-2_2_1     68.1    218.4756   1372.2009    9.579  9.764E-02  4.693E-01  6.475E-02  1.382E-01  9.990E-01  1.342E-07
1.200E+05	3.000E+04	9.000E+04		3_2_1-2_2_0     68.1    218.7601   1370.4167    9.724  9.809E-02  4.832E-01  6.653E-02  1.399E-01  1.029E+00  1.387E-07
4.000E+05	1.000E+05	3.000E+05		3_0_3-2_0_2     21.0    218.2222   1373.7945   25.675  7.089E-02  1.407E+00  1.031E-01  1.107E-01  2.996E+00  4.010E-07
4.000E+05	1.000E+05	3.000E+05		3_2_2-2_2_1     68.1    218.4756   1372.2009   33.044  2.281E-02  6.280E-01  8.051E-02  7.898E-02  1.337E+00  1.795E-07
4.000E+05	1.000E+05	3.000E+05		3_2_1-2_2_0     68.1    218.7601   1370.4167   32.258  2.317E-02  6.198E-01  7.940E-02  7.853E-02  1.319E+00  1.779E-07
1.200E+06	3.000E+05	9.000E+05		3_0_3-2_0_2     21.0    218.2222   1373.7945  259.342  4.585E-03  1.162E+00  8.147E-02  6.059E-02  2.473E+00  3.309E-07
1.200E+06	3.000E+05	9.000E+05		3_2_2-2_2_1     68.1    218.4756   1372.2009 -515.538 -9.232E-04  4.812E-01  6.023E-02  4.216E-02  1.025E+00  1.376E-07
1.200E+06	3.000E+05	9.000E+05		3_2_1-2_2_0     68.1    218.7601   1370.4167 -1.126E+03 -4.195E-04  4.746E-01  5.948E-02  4.209E-02  1.010E+00  1.362E-07
4.000E+06	1.000E+06	3.000E+06		3_0_3-2_0_2     21.0    218.2222   1373.7945 -1.062E+03 -6.441E-04  6.877E-01  4.803E-02  3.397E-02  1.464E+00  1.959E-07
4.000E+06	1.000E+06	3.000E+06		3_2_2-2_2_1     68.1    218.4756   1372.2009 -605.888 -4.720E-04  2.887E-01  3.627E-02  2.546E-02  6.146E-01  8.254E-08
4.000E+06	1.000E+06	3.000E+06		3_2_1-2_2_0     68.1    218.7601   1370.4167 -842.222 -3.391E-04  2.875E-01  3.613E-02  2.548E-02  6.120E-01  8.252E-08
1.200E+07	3.000E+06	9.000E+06		3_0_3-2_0_2     21.0    218.2222   1373.7945  411.728  1.205E-03  4.893E-01  3.425E-02  2.510E-02  1.042E+00  1.394E-07
1.200E+07	3.000E+06	9.000E+06		3_2_2-2_2_1     68.1    218.4756   1372.2009  476.946  4.503E-04  2.123E-01  2.670E-02  1.950E-02  4.519E-01  6.069E-08
1.200E+07	3.000E+06	9.000E+06		3_2_1-2_2_0     68.1    218.7601   1370.4167  412.472  5.204E-04  2.118E-01  2.661E-02  1.950E-02  4.509E-01  6.079E-08
4.000E+07	1.000E+07	3.000E+07		3_0_3-2_0_2     21.0    218.2222   1373.7945  241.697  1.743E-03  4.115E-01  2.883E-02  2.150E-02  8.761E-01  1.172E-07
4.000E+07	1.000E+07	3.000E+07		3_2_2-2_2_1     68.1    218.4756   1372.2009  254.770  7.248E-04  1.806E-01  2.274E-02  1.693E-02  3.846E-01  5.165E-08
4.000E+07	1.000E+07	3.000E+07		3_2_1-2_2_0     68.1    218.7601   1370.4167  244.054  7.563E-04  1.804E-01  2.268E-02  1.691E-02  3.840E-01  5.178E-08
1.200E+08	3.000E+07	9.000E+07		3_0_3-2_0_2     21.0    218.2222   1373.7945  212.410  1.876E-03  3.880E-01  2.718E-02  2.040E-02  8.260E-01  1.105E-07
1.200E+08	3.000E+07	9.000E+07		3_2_2-2_2_1     68.1    218.4756   1372.2009  218.071  8.032E-04  1.707E-01  2.150E-02  1.611E-02  3.635E-01  4.881E-08
1.200E+08	3.000E+07	9.000E+07		3_2_1-2_2_0     68.1    218.7601   1370.4167  214.531  8.161E-04  1.706E-01  2.145E-02  1.609E-02  3.631E-01  4.896E-08
4.000E+08	1.000E+08	3.000E+08		3_0_3-2_0_2     21.0    218.2222   1373.7945  203.393  1.919E-03  3.796E-01  2.660E-02  2.000E-02  8.081E-01  1.082E-07
4.000E+08	1.000E+08	3.000E+08		3_2_2-2_2_1     68.1    218.4756   1372.2009  206.570  8.313E-04  1.671E-01  2.105E-02  1.582E-02  3.558E-01  4.779E-08
4.000E+08	1.000E+08	3.000E+08		3_2_1-2_2_0     68.1    218.7601   1370.4167  205.234  8.363E-04  1.670E-01  2.101E-02  1.579E-02  3.556E-01  4.794E-08

