   
# H2_density	     pH2_density	oH2_density      LINE         E_UP       FREQ        WAVEL     T_EX      TAU        T_R       POP        POP       FLUX        FLUX
# [cm-3]	     [cm-3]		[cm-3]                  (K)        (GHz)       (um)      (K)                  (K)        UP        LOW      (K*km/s) (erg/cm2/s)
4.000E+02	     1.000E+02		3.000E+02	     3_0_3-2_0_2     21.0    218.2222   1373.7945    2.954  1.528E+00  6.275E-02  3.324E-03  8.231E-02  1.336E-01  1.788E-08
4.000E+02	     1.000E+02		3.000E+02 	     3_2_2-2_2_1     68.1    218.4756   1372.2009    2.975  7.873E-02  6.685E-03  3.152E-04  7.639E-03  1.423E-02  1.911E-09
4.000E+02	     1.000E+02		3.000E+02 	     3_2_1-2_2_0     68.1    218.7601   1370.4167    3.072  1.294E-01  1.536E-02  5.781E-04  1.260E-02  3.270E-02  4.409E-09
1.200E+03	     3.000E+02		9.000E+02	     3_0_3-2_0_2     21.0    218.2222   1373.7945    3.280  2.175E+00  1.929E-01  6.821E-03  1.186E-01  4.106E-01  5.495E-08
1.200E+03	     3.000E+02		9.000E+02	     3_2_2-2_2_1     68.1    218.4756   1372.2009    3.059  2.326E-01  2.528E-02  1.029E-03  2.264E-02  5.382E-02  7.228E-09
1.200E+03	     3.000E+02		9.000E+02	     3_2_1-2_2_0     68.1    218.7601   1370.4167    3.175  3.319E-01  4.800E-02  1.664E-03  3.244E-02  1.022E-01  1.378E-08
4.000E+03	     1.000E+03		3.000E+03	     3_0_3-2_0_2     21.0    218.2222   1373.7945    4.116  3.059E+00  6.305E-01  1.909E-02  1.737E-01  1.342E+00  1.797E-07
4.000E+03	     1.000E+03		3.000E+03	     3_2_2-2_2_1     68.1    218.4756   1372.2009    3.371  6.288E-01  1.210E-01  3.868E-03  6.197E-02  2.575E-01  3.459E-08
4.000E+03	     1.000E+03		3.000E+03 	     3_2_1-2_2_0     68.1    218.7601   1370.4167    3.516  7.511E-01  1.738E-01  5.267E-03  7.450E-02  3.701E-01  4.990E-08
1.200E+04	     3.000E+03		9.000E+03	     3_0_3-2_0_2     21.0    218.2222   1373.7945    5.699  3.302E+00  1.688E+00  4.579E-02  2.055E-01  3.593E+00  4.808E-07
1.200E+04	     3.000E+03		9.000E+03	     3_2_2-2_2_1     68.1    218.4756   1372.2009    4.200  1.070E+00  4.669E-01  1.265E-02  1.097E-01  9.940E-01  1.335E-07
1.200E+04	     3.000E+03		9.000E+03	     3_2_1-2_2_0     68.1    218.7601   1370.4167    4.346  1.137E+00  5.434E-01  1.470E-02  1.176E-01  1.157E+00  1.560E-07
4.000E+04	     1.000E+04		3.000E+04	     3_0_3-2_0_2     21.0    218.2222   1373.7945    9.092  2.683E+00  4.293E+00  9.078E-02  2.052E-01  9.140E+00  1.223E-06
4.000E+04	     1.000E+04		3.000E+04	     3_2_2-2_2_1     68.1    218.4756   1372.2009    6.343  1.141E+00  1.533E+00  3.562E-02  1.329E-01  3.264E+00  4.384E-07
4.000E+04	     1.000E+04		3.000E+04	     3_2_1-2_2_0     68.1    218.7601   1370.4167    6.417  1.143E+00  1.573E+00  3.644E-02  1.337E-01  3.349E+00  4.516E-07
1.200E+05	     3.000E+04		9.000E+04	     3_0_3-2_0_2     21.0    218.2222   1373.7945   38.593  5.508E+00  3.323E+01  1.294E-01  1.212E-01  7.074E+01  9.467E-06
1.200E+05	     3.000E+04		9.000E+04	     3_2_2-2_2_1     68.1    218.4756   1372.2009   21.830  2.933E+00  1.588E+01  6.271E-02  7.241E-02  3.381E+01  4.541E-06
1.200E+05	     3.000E+04		9.000E+04	     3_2_1-2_2_0     68.1    218.7601   1370.4167   20.972  2.969E+00  1.511E+01  6.024E-02  7.098E-02  3.217E+01  4.338E-06
4.000E+05	     1.000E+05		3.000E+05	     3_0_3-2_0_2     21.0    218.2222   1373.7945   57.040  2.713E+00  4.830E+01  9.858E-02  8.461E-02  1.028E+02  1.376E-05
4.000E+05	     1.000E+05		3.000E+05	     3_2_2-2_2_1     68.1    218.4756   1372.2009   38.330  1.357E+00  2.458E+01  5.686E-02  5.339E-02  5.232E+01  7.027E-06
4.000E+05	     1.000E+05		3.000E+05	     3_2_1-2_2_0     68.1    218.7601   1370.4167   36.905  1.390E+00  2.378E+01  5.568E-02  5.286E-02  5.064E+01  6.827E-06
1.200E+06	     3.000E+05		9.000E+05	     3_0_3-2_0_2     21.0    218.2222   1373.7945   77.877  1.509E+00  5.648E+01  7.676E-02  6.272E-02  1.203E+02  1.609E-05
1.200E+06	     3.000E+05		9.000E+05	     3_2_2-2_2_1     68.1    218.4756   1372.2009   68.179  5.939E-01  2.814E+01  4.709E-02  3.923E-02  5.991E+01  8.046E-06
1.200E+06	     3.000E+05		9.000E+05	     3_2_1-2_2_0     68.1    218.7601   1370.4167   66.019  6.102E-01  2.772E+01  4.667E-02  3.908E-02  5.901E+01  7.956E-06
4.000E+06	     1.000E+06		3.000E+06	     3_0_3-2_0_2     21.0    218.2222   1373.7945   96.620  9.462E-01  5.582E+01  6.052E-02  4.818E-02  1.188E+02  1.591E-05
4.000E+06	     1.000E+06		3.000E+06	     3_2_2-2_2_1     68.1    218.4756   1372.2009  101.038  3.126E-01  2.568E+01  3.768E-02  2.986E-02  5.467E+01  7.342E-06
4.000E+06	     1.000E+06		3.000E+06	     3_2_1-2_2_0     68.1    218.7601   1370.4167   99.805  3.162E-01  2.559E+01  3.757E-02  2.982E-02  5.449E+01  7.346E-06
1.200E+07	     3.000E+06		9.000E+06	     3_0_3-2_0_2     21.0    218.2222   1373.7945  101.053  7.786E-01  5.176E+01  5.222E-02  4.137E-02  1.102E+02  1.475E-05
1.200E+07	     3.000E+06		9.000E+06	     3_2_2-2_2_1     68.1    218.4756   1372.2009  104.082  2.617E-01  2.273E+01  3.255E-02  2.571E-02  4.838E+01  6.498E-06
1.200E+07	     3.000E+06		9.000E+06	     3_2_1-2_2_0     68.1    218.7601   1370.4167  103.956  2.620E-01  2.272E+01  3.250E-02  2.569E-02  4.837E+01  6.521E-06
4.000E+07	     1.000E+07		3.000E+07	     3_0_3-2_0_2     21.0    218.2222   1373.7945  100.639  7.207E-01  4.893E+01  4.812E-02  3.814E-02  1.042E+02  1.394E-05
4.000E+07	     1.000E+07		3.000E+07	     3_2_2-2_2_1     68.1    218.4756   1372.2009  101.652  2.475E-01  2.111E+01  3.003E-02  2.378E-02  4.493E+01  6.035E-06
4.000E+07	     1.000E+07		3.000E+07	     3_2_1-2_2_0     68.1    218.7601   1370.4167  101.779  2.472E-01  2.111E+01  2.999E-02  2.375E-02  4.495E+01  6.060E-06


