                
#H2_density	     pH2_density	oH2_density      LINE         E_UP       FREQ        WAVEL     T_EX      TAU        T_R       POP        POP       FLUX        FLUX
# [cm-3]	     [cm-3]		[cm-3]                       (K)        (GHz)       (um)      (K)                  (K)        UP        LOW      (K*km/s) (erg/cm2/s)
4.000E+02	     1.000E+02		3.000E+02	 3_0_3-2_0_2     21.0    218.2222   1373.7945    2.885  1.095E-01  5.635E-03  2.184E-03  5.882E-02  1.200E-02  1.606E-09
4.000E+02	     1.000E+02		3.000E+02	 3_2_2-2_2_1     68.1    218.4756   1372.2009    2.962  7.522E-03  6.247E-04  2.965E-04  7.294E-03  1.330E-03  1.786E-10
4.000E+02	     1.000E+02		3.000E+02 	 3_2_1-2_2_0     68.1    218.7601   1370.4167    3.046  1.328E-02  1.532E-03  5.759E-04  1.291E-02  3.262E-03  4.398E-10
1.200E+03	     3.000E+02		9.000E+02	 3_0_3-2_0_2     21.0    218.2222   1373.7945    3.120  1.202E-01  1.666E-02  3.178E-03  6.515E-02  3.548E-02  4.748E-09
1.200E+03	     3.000E+02		9.000E+02	 3_2_2-2_2_1     68.1    218.4756   1372.2009    3.018  2.184E-02  2.274E-03  9.210E-04  2.122E-02  4.841E-03  6.501E-10
1.200E+03	     3.000E+02		9.000E+02	 3_2_1-2_2_0     68.1    218.7601   1370.4167    3.109  3.474E-02  4.840E-03  1.618E-03  3.387E-02  1.030E-02  1.389E-09
4.000E+03	     1.000E+03		3.000E+03	 3_0_3-2_0_2     21.0    218.2222   1373.7945    3.629  1.483E-01  5.348E-02  6.419E-03  8.218E-02  1.139E-01  1.524E-08
4.000E+03	     1.000E+03		3.000E+03	 3_2_2-2_2_1     68.1    218.4756   1372.2009    3.204  6.045E-02  1.073E-02  3.139E-03  5.917E-02  2.285E-02  3.068E-09
4.000E+03	     1.000E+03		3.000E+03	 3_2_1-2_2_0     68.1    218.7601   1370.4167    3.305  8.051E-02  1.762E-02  4.621E-03  7.912E-02  3.752E-02  5.058E-09
1.200E+04	     3.000E+03		9.000E+03	 3_0_3-2_0_2     21.0    218.2222   1373.7945    4.417  1.961E-01  1.510E-01  1.479E-02  1.131E-01  3.214E-01  4.302E-08
1.200E+04	     3.000E+03		9.000E+03	 3_2_2-2_2_1     68.1    218.4756   1372.2009    3.680  1.105E-01  4.336E-02  8.957E-03  1.105E-01  9.232E-02  1.240E-08
1.200E+04	     3.000E+03		9.000E+03	 3_2_1-2_2_0     68.1    218.7601   1370.4167    3.792  1.267E-01  5.637E-02  1.119E-02  1.273E-01  1.200E-01  1.618E-08
4.000E+04	     1.000E+04		3.000E+04	 3_0_3-2_0_2     21.0    218.2222   1373.7945    5.990  2.576E-01  4.489E-01  3.976E-02  1.632E-01  9.556E-01  1.279E-07
4.000E+04	     1.000E+04		3.000E+04	 3_2_2-2_2_1     68.1    218.4756   1372.2009    5.040  1.334E-01  1.581E-01  2.509E-02  1.436E-01  3.366E-01  4.521E-08
4.000E+04	     1.000E+04		3.000E+04	 3_2_1-2_2_0     68.1    218.7601   1370.4167    5.153  1.379E-01  1.733E-01  2.726E-02  1.494E-01  3.689E-01  4.973E-08
1.200E+05	     3.000E+04		9.000E+04	 3_0_3-2_0_2     21.0    218.2222   1373.7945    9.187  2.489E-01  1.034E+00  8.571E-02  1.914E-01  2.202E+00  2.947E-07
1.200E+05	     3.000E+04		9.000E+04	 3_2_2-2_2_1     68.1    218.4756   1372.2009    8.352  9.865E-02  3.709E-01  5.182E-02  1.299E-01  7.897E-01  1.061E-07
1.200E+05	     3.000E+04		9.000E+04	 3_2_1-2_2_0     68.1    218.7601   1370.4167    8.410  9.768E-02  3.719E-01  5.183E-02  1.290E-01  7.918E-01  1.068E-07
4.000E+05	     1.000E+05		3.000E+05	 3_0_3-2_0_2     21.0    218.2222   1373.7945   19.902  1.224E-01  1.716E+00  1.295E-01  1.565E-01  3.654E+00  4.890E-07
4.000E+05	     1.000E+05		3.000E+05	 3_2_2-2_2_1     68.1    218.4756   1372.2009   21.828  3.449E-02  5.686E-01  7.372E-02  8.513E-02  1.211E+00  1.626E-07
4.000E+05	     1.000E+05		3.000E+05	 3_2_1-2_2_0     68.1    218.7601   1370.4167   21.127  3.484E-02  5.506E-01  7.135E-02  8.377E-02  1.172E+00  1.580E-07
1.200E+06	     3.000E+05		9.000E+05	 3_0_3-2_0_2     21.0    218.2222   1373.7945   65.256  2.761E-02  1.632E+00  1.161E-01  9.740E-02  3.474E+00  4.650E-07
1.200E+06	     3.000E+05		9.000E+05	 3_2_2-2_2_1     68.1    218.4756   1372.2009   83.883  6.474E-03  5.067E-01  6.410E-02  5.188E-02  1.079E+00  1.449E-07
1.200E+06	     3.000E+05		9.000E+05	 3_2_1-2_2_0     68.1    218.7601   1370.4167   75.845  7.082E-03  4.974E-01  6.289E-02  5.159E-02  1.059E+00  1.428E-07
4.000E+06	     1.000E+06		3.000E+06	 3_0_3-2_0_2     21.0    218.2222   1373.7945  142.350  8.107E-03  1.106E+00  7.777E-02  5.979E-02  2.354E+00  3.151E-07
4.000E+06	     1.000E+06		3.000E+06	 3_2_2-2_2_1     68.1    218.4756   1372.2009  136.730  2.716E-03  3.561E-01  4.491E-02  3.464E-02  7.582E-01  1.018E-07
4.000E+06	     1.000E+06		3.000E+06	 3_2_1-2_2_0     68.1    218.7601   1370.4167  133.798  2.773E-03  3.556E-01  4.479E-02  3.461E-02  7.570E-01  1.021E-07
1.200E+07	     3.000E+06		9.000E+06	 3_0_3-2_0_2     21.0    218.2222   1373.7945  117.949  7.432E-03  8.335E-01  5.862E-02  4.576E-02  1.774E+00  2.375E-07
1.200E+07	     3.000E+06		9.000E+06	 3_2_2-2_2_1     68.1    218.4756   1372.2009  112.942  2.617E-03  2.810E-01  3.546E-02  2.779E-02  5.983E-01  8.036E-08
1.200E+07	     3.000E+06		9.000E+06	 3_2_1-2_2_0     68.1    218.7601   1370.4167  113.288  2.610E-03  2.812E-01  3.543E-02  2.777E-02  5.986E-01  8.071E-08
4.000E+07	     1.000E+07		3.000E+07	 3_0_3-2_0_2     21.0    218.2222   1373.7945  105.187  7.176E-03  7.136E-01  5.020E-02  3.961E-02  1.519E+00  2.033E-07
4.000E+07	     1.000E+07		3.000E+07	 3_2_2-2_2_1     68.1    218.4756   1372.2009  103.877  2.500E-03  2.459E-01  3.103E-02  2.452E-02  5.236E-01  7.032E-08
4.000E+07	     1.000E+07		3.000E+07	 3_2_1-2_2_0     68.1    218.7601   1370.4167  104.127  2.495E-03  2.460E-01  3.100E-02  2.450E-02  5.238E-01  7.062E-08


