
#H2_density	     pH2_density	oH2_density      LINE         E_UP       FREQ        WAVEL     T_EX      TAU        T_R       POP        POP       FLUX        FLUX
# [cm-3]	     [cm-3]		[cm-3]                       (K)        (GHz)       (um)      (K)                  (K)        UP        LOW      (K*km/s) (erg/cm2/s)
4.000E+02	     1.000E+02		3.000E+02	3_0_3-2_0_2     21.0    218.2222   1373.7945    2.935  1.091E-01  7.542E-03  2.319E-03  5.874E-02  1.606E-02  2.149E-09
4.000E+02	     1.000E+02		3.000E+02	3_2_2-2_2_1     68.1    218.4756   1372.2009    3.029  1.288E-02  1.404E-03  5.503E-04  1.252E-02  2.989E-03  4.014E-10
4.000E+02	     1.000E+02		3.000E+02	3_2_1-2_2_0     68.1    218.7601   1370.4167    3.121  2.889E-02  4.189E-03  1.365E-03  2.819E-02  8.918E-03  1.202E-09
1.200E+03	     3.000E+02		9.000E+02	3_0_3-2_0_2     21.0    218.2222   1373.7945    3.226  1.181E-01  2.151E-02  3.502E-03  6.428E-02  4.580E-02  6.129E-09
1.200E+03	     3.000E+02		9.000E+02	3_2_2-2_2_1     68.1    218.4756   1372.2009    3.104  3.722E-02  5.125E-03  1.733E-03  3.629E-02  1.091E-02  1.465E-09
1.200E+03	     3.000E+02		9.000E+02	3_2_1-2_2_0     68.1    218.7601   1370.4167    3.205  7.145E-02  1.262E-02  3.698E-03  6.992E-02  2.686E-02  3.622E-09
4.000E+03	     1.000E+03		3.000E+03	3_0_3-2_0_2     21.0    218.2222   1373.7945    3.830  1.371E-01  6.361E-02  6.974E-03  7.671E-02  1.354E-01  1.812E-08
4.000E+03	     1.000E+03		3.000E+03	3_2_2-2_2_1     68.1    218.4756   1372.2009    3.352  9.726E-02  2.317E-02  5.871E-03  9.577E-02  4.932E-02  6.624E-09
4.000E+03	     1.000E+03		3.000E+03	3_2_1-2_2_0     68.1    218.7601   1370.4167    3.472  1.461E-01  4.177E-02  9.843E-03  1.446E-01  8.894E-02  1.199E-08
1.200E+04	     3.000E+03		9.000E+03	3_0_3-2_0_2     21.0    218.2222   1373.7945    4.769  1.625E-01  1.619E-01  1.489E-02  9.562E-02  3.448E-01  4.614E-08
1.200E+04	     3.000E+03		9.000E+03	3_2_2-2_2_1     68.1    218.4756   1372.2009    3.978  1.573E-01  8.431E-02  1.601E-02  1.595E-01  1.795E-01  2.411E-08
1.200E+04	     3.000E+03		9.000E+03	3_2_1-2_2_0     68.1    218.7601   1370.4167    4.118  1.951E-01  1.171E-01  2.180E-02  1.993E-01  2.493E-01  3.361E-08
4.000E+04	     1.000E+04		3.000E+04	3_0_3-2_0_2     21.0    218.2222   1373.7945    6.697  1.839E-01  4.271E-01  3.566E-02  1.217E-01  9.093E-01  1.217E-07
4.000E+04	     1.000E+04		3.000E+04	3_2_2-2_2_1     68.1    218.4756   1372.2009    5.771  1.564E-01  2.614E-01  4.003E-02  1.759E-01  5.565E-01  7.474E-08
4.000E+04	     1.000E+04		3.000E+04	3_2_1-2_2_0     68.1    218.7601   1370.4167    5.940  1.714E-01  3.044E-01  4.654E-02  1.947E-01  6.481E-01  8.739E-08
1.200E+05	     3.000E+04		9.000E+04	3_0_3-2_0_2     21.0    218.2222   1373.7945   11.001  1.472E-01  8.692E-01  6.774E-02  1.254E-01  1.851E+00  2.477E-07
1.200E+05	     3.000E+04		9.000E+04	3_2_2-2_2_1     68.1    218.4756   1372.2009   10.728  8.852E-02  5.164E-01  7.041E-02  1.336E-01  1.100E+00  1.477E-07
1.200E+05	     3.000E+04		9.000E+04	3_2_1-2_2_0     68.1    218.7601   1370.4167   10.942  9.136E-02  5.492E-01  7.479E-02  1.395E-01  1.169E+00  1.576E-07
4.000E+05	     1.000E+05		3.000E+05	3_0_3-2_0_2     21.0    218.2222   1373.7945   33.643  4.273E-02  1.190E+00  8.568E-02  8.355E-02  2.533E+00  3.390E-07
4.000E+05	     1.000E+05		3.000E+05	3_2_2-2_2_1     68.1    218.4756   1372.2009   54.006  1.301E-02  6.298E-01  8.007E-02  6.945E-02  1.341E+00  1.801E-07
4.000E+05	     1.000E+05		3.000E+05 	3_2_1-2_2_0     68.1    218.7601   1370.4167   51.988  1.364E-02  6.326E-01  8.037E-02  7.026E-02  1.347E+00  1.816E-07
1.200E+06	     3.000E+05		9.000E+05	3_0_3-2_0_2     21.0    218.2222   1373.7945 -211.567 -4.062E-03  8.837E-01  6.160E-02  4.187E-02  1.881E+00  2.518E-07
1.200E+06	     3.000E+05		9.000E+05	3_2_2-2_2_1     68.1    218.4756   1372.2009  -79.127 -5.108E-03  4.339E-01  5.426E-02  3.395E-02  9.237E-01  1.240E-07
1.200E+06	     3.000E+05		9.000E+05	3_2_1-2_2_0     68.1    218.7601   1370.4167  -91.369 -4.420E-03  4.295E-01  5.369E-02  3.419E-02  9.144E-01  1.233E-07
4.000E+06	     1.000E+06		3.000E+06	3_0_3-2_0_2     21.0    218.2222   1373.7945 -180.234 -2.611E-03  4.856E-01  3.387E-02  2.283E-02  1.034E+00  1.384E-07
4.000E+06	     1.000E+06		3.000E+06	3_2_2-2_2_1     68.1    218.4756   1372.2009 -127.582 -1.792E-03  2.387E-01  2.994E-02  1.970E-02  5.083E-01  6.826E-08
4.000E+06	     1.000E+06		3.000E+06	3_2_1-2_2_0     68.1    218.7601   1370.4167 -153.583 -1.487E-03  2.368E-01  2.968E-02  1.980E-02  5.041E-01  6.796E-08
1.200E+07	     3.000E+06		9.000E+06	3_0_3-2_0_2     21.0    218.2222   1373.7945 -1.097E+03 -3.109E-04  3.428E-01  2.396E-02  1.695E-02  7.298E-01  9.767E-08
1.200E+07	     3.000E+06		9.000E+06	3_2_2-2_2_1     68.1    218.4756   1372.2009 -486.013 -3.472E-04  1.707E-01  2.145E-02  1.499E-02  3.634E-01  4.881E-08
1.200E+07	     3.000E+06		9.000E+06	3_2_1-2_2_0     68.1    218.7601   1370.4167 -862.782 -1.954E-04  1.697E-01  2.130E-02  1.503E-02  3.612E-01  4.870E-08
4.000E+07	     1.000E+07		3.000E+07	3_0_3-2_0_2     21.0    218.2222   1373.7945  752.214  3.893E-04  2.906E-01  2.033E-02  1.473E-02  6.187E-01  8.281E-08
4.000E+07	     1.000E+07		3.000E+07	3_2_2-2_2_1     68.1    218.4756   1372.2009  1.275E+03  1.140E-04  1.447E-01  1.820E-02  1.311E-02  3.081E-01  4.138E-08
4.000E+07	     1.000E+07		3.000E+07	3_2_1-2_2_0     68.1    218.7601   1370.4167  825.136  1.760E-04  1.443E-01  1.812E-02  1.311E-02  3.071E-01  4.141E-08
1.200E+08	     3.000E+07		9.000E+07	3_0_3-2_0_2     21.0    218.2222   1373.7945  478.529  5.828E-04  2.756E-01  1.929E-02  1.408E-02  5.868E-01  7.853E-08
1.200E+08	     3.000E+07		9.000E+07	3_2_2-2_2_1     68.1    218.4756   1372.2009  547.142  2.528E-04  1.369E-01  1.723E-02  1.254E-02  2.915E-01  3.915E-08
1.200E+08	     3.000E+07		9.000E+07	3_2_1-2_2_0     68.1    218.7601   1370.4167  496.743  2.783E-04  1.367E-01  1.717E-02  1.253E-02  2.910E-01  3.923E-08
4.000E+08	     1.000E+08		3.000E+08	3_0_3-2_0_2     21.0    218.2222   1373.7945  422.799  6.480E-04  2.704E-01  1.892E-02  1.386E-02  5.756E-01  7.704E-08
4.000E+08	     1.000E+08		3.000E+08	3_2_2-2_2_1     68.1    218.4756   1372.2009  448.875  3.026E-04  1.342E-01  1.688E-02  1.234E-02  2.857E-01  3.836E-08
4.000E+08	     1.000E+08		3.000E+08	3_2_1-2_2_0     68.1    218.7601   1370.4167  432.948  3.135E-04  1.340E-01  1.684E-02  1.232E-02  2.853E-01  3.846E-08

