#H2_density	     pH2_density	oH2_density      LINE         E_UP       FREQ        WAVEL     T_EX      TAU        T_R       POP        POP       FLUX        FLUX
# [cm-3]	     [cm-3]		[cm-3]                       (K)        (GHz)       (um)      (K)                  (K)        UP        LOW      (K*km/s) (erg/cm2/s)
4.000E+02	     1.000E+02		3.000E+02	3_0_3-2_0_2     21.0    218.2222   1373.7945    2.983  1.568E+00  7.251E-02  3.536E-03  8.453E-02  1.544E-01  2.066E-08
4.000E+02	     1.000E+02		3.000E+02	3_2_2-2_2_1     68.1    218.4756   1372.2009    3.017  1.064E-01  1.058E-02  4.479E-04  1.034E-02  2.252E-02  3.024E-09
4.000E+02	     1.000E+02		3.000E+02	3_2_1-2_2_0     68.1    218.7601   1370.4167    3.128  2.004E-01  2.725E-02  9.544E-04  1.955E-02  5.801E-02  7.821E-09
1.200E+03	     3.000E+02		9.000E+02	3_0_3-2_0_2     21.0    218.2222   1373.7945    3.341  2.204E+00  2.185E-01  7.342E-03  1.205E-01  4.651E-01  6.224E-08
1.200E+03	     3.000E+02		9.000E+02	3_2_2-2_2_1     68.1    218.4756   1372.2009    3.124  3.132E-01  3.998E-02  1.492E-03  3.056E-02  8.512E-02  1.143E-08
1.200E+03	     3.000E+02		9.000E+02	3_2_1-2_2_0     68.1    218.7601   1370.4167    3.273  4.962E-01  8.343E-02  2.757E-03  4.869E-02  1.776E-01  2.395E-08
4.000E+03	     1.000E+03		3.000E+03	3_0_3-2_0_2     21.0    218.2222   1373.7945    4.218  2.910E+00  6.838E-01  1.941E-02  1.661E-01  1.456E+00  1.948E-07
4.000E+03	     1.000E+03		3.000E+03	3_2_2-2_2_1     68.1    218.4756   1372.2009    3.527  8.192E-01  1.874E-01  5.821E-03  8.130E-02  3.989E-01  5.357E-08
4.000E+03	     1.000E+03		3.000E+03	3_2_1-2_2_0     68.1    218.7601   1370.4167    3.739  1.042E+00  2.878E-01  8.820E-03  1.044E-01  6.128E-01  8.262E-08
1.200E+04	     3.000E+03		9.000E+03	3_0_3-2_0_2     21.0    218.2222   1373.7945    5.824  2.903E+00  1.746E+00  4.219E-02  1.820E-01  3.718E+00  4.975E-07
1.200E+04	     3.000E+03		9.000E+03	3_2_2-2_2_1     68.1    218.4756   1372.2009    4.563  1.294E+00  6.829E-01  1.905E-02  1.355E-01  1.454E+00  1.953E-07
1.200E+04	     3.000E+03		9.000E+03	3_2_1-2_2_0     68.1    218.7601   1370.4167    4.799  1.425E+00  8.335E-01  2.374E-02  1.512E-01  1.775E+00  2.393E-07
4.000E+04	     1.000E+04		3.000E+04	3_0_3-2_0_2     21.0    218.2222   1373.7945    9.287  2.193E+00  4.250E+00  7.689E-02  1.696E-01  9.048E+00  1.211E-06
4.000E+04	     1.000E+04		3.000E+04	3_2_2-2_2_1     68.1    218.4756   1372.2009    7.135  1.232E+00  2.056E+00  4.851E-02  1.506E-01  4.376E+00  5.878E-07
4.000E+04	     1.000E+04		3.000E+04	3_2_1-2_2_0     68.1    218.7601   1370.4167    7.324  1.257E+00  2.189E+00  5.190E-02  1.554E-01  4.659E+00  6.282E-07
1.200E+05	     3.000E+04		9.000E+04	3_0_3-2_0_2     21.0    218.2222   1373.7945   15.769  1.304E+00  7.925E+00  1.013E-01  1.406E-01  1.687E+01  2.258E-06
1.200E+05	     3.000E+04		9.000E+04	3_2_2-2_2_1     68.1    218.4756   1372.2009   12.599  7.227E-01  4.037E+00  7.337E-02  1.205E-01  8.594E+00  1.154E-06
1.200E+05	     3.000E+04		9.000E+04	3_2_1-2_2_0     68.1    218.7601   1370.4167   12.670  7.216E-01  4.065E+00  7.374E-02  1.206E-01  8.654E+00  1.167E-06
4.000E+05	     1.000E+05		3.000E+05	3_0_3-2_0_2     21.0    218.2222   1373.7945   35.786  4.632E-01  1.134E+01  9.979E-02  9.551E-02  2.413E+01  3.230E-06
4.000E+05	     1.000E+05		3.000E+05	3_2_2-2_2_1     68.1    218.4756   1372.2009   37.090  1.883E-01  5.468E+00  7.596E-02  7.198E-02  1.164E+01  1.563E-06
4.000E+05	     1.000E+05		3.000E+05	3_2_1-2_2_0     68.1    218.7601   1370.4167   36.055  1.919E-01  5.383E+00  7.485E-02  7.153E-02  1.146E+01  1.545E-06
1.200E+06	     3.000E+05		9.000E+05	3_0_3-2_0_2     21.0    218.2222   1373.7945  182.898  6.012E-02  1.035E+01  7.470E-02  5.650E-02  2.205E+01  2.950E-06
1.200E+06	     3.000E+05		9.000E+05	3_2_2-2_2_1     68.1    218.4756   1372.2009  4.474E+03  1.004E-03  4.483E+00  5.640E-02  4.038E-02  9.545E+00  1.282E-06
1.200E+06	     3.000E+05		9.000E+05	3_2_1-2_2_0     68.1    218.7601   1370.4167  817.869  5.463E-03  4.426E+00  5.575E-02  4.033E-02  9.423E+00  1.271E-06
4.000E+06	     1.000E+06		3.000E+06	3_0_3-2_0_2     21.0    218.2222   1373.7945 -1.424E+04 -4.662E-04  6.643E+00  4.644E-02  3.314E-02  1.414E+01  1.893E-06
4.000E+06	     1.000E+06		3.000E+06	3_2_2-2_2_1     68.1    218.4756   1372.2009 -816.577 -3.424E-03  2.820E+00  3.538E-02  2.495E-02  6.003E+00  8.063E-07
4.000E+06	     1.000E+06		3.000E+06	3_2_1-2_2_0     68.1    218.7601   1370.4167 -1.363E+03 -2.050E-03  2.809E+00  3.523E-02  2.497E-02  5.980E+00  8.062E-07
1.200E+07	     3.000E+06		9.000E+06	3_0_3-2_0_2     21.0    218.2222   1373.7945  379.984  1.290E-02  4.802E+00  3.381E-02  2.483E-02  1.022E+01  1.368E-06
1.200E+07	     3.000E+06		9.000E+06	3_2_2-2_2_1     68.1    218.4756   1372.2009  462.296  4.599E-03  2.096E+00  2.643E-02  1.931E-02  4.463E+00  5.994E-07
1.200E+07	     3.000E+06		9.000E+06	3_2_1-2_2_0     68.1    218.7601   1370.4167  402.162  5.285E-03  2.091E+00  2.634E-02  1.931E-02  4.452E+00  6.002E-07
4.000E+07	     1.000E+07		3.000E+07	3_0_3-2_0_2     21.0    218.2222   1373.7945  238.201  1.762E-02  4.066E+00  2.871E-02  2.143E-02  8.656E+00  1.158E-06
4.000E+07	     1.000E+07		3.000E+07	3_2_2-2_2_1     68.1    218.4756   1372.2009  252.843  7.278E-03  1.794E+00  2.266E-02  1.687E-02  3.820E+00  5.130E-07
4.000E+07	     1.000E+07		3.000E+07	3_2_1-2_2_0     68.1    218.7601   1370.4167  242.713  7.579E-03  1.791E+00  2.260E-02  1.686E-02  3.814E+00  5.142E-07
1.200E+08	     3.000E+07		9.000E+07	3_0_3-2_0_2     21.0    218.2222   1373.7945  211.542  1.881E-02  3.842E+00  2.715E-02  2.038E-02  8.179E+00  1.095E-06
1.200E+08	     3.000E+07		9.000E+07	3_2_2-2_2_1     68.1    218.4756   1372.2009  217.571  8.042E-03  1.699E+00  2.147E-02  1.609E-02  3.617E+00  4.858E-07
1.200E+08	     3.000E+07		9.000E+07	3_2_1-2_2_0     68.1    218.7601   1370.4167  214.187  8.165E-03  1.698E+00  2.143E-02  1.607E-02  3.614E+00  4.873E-07
4.000E+08	     1.000E+08		3.000E+08	3_0_3-2_0_2     21.0    218.2222   1373.7945  203.161  1.921E-02  3.762E+00  2.659E-02  2.000E-02  8.009E+00  1.072E-06
4.000E+08	     1.000E+08		3.000E+08	3_2_2-2_2_1     68.1    218.4756   1372.2009  206.440  8.316E-03  1.665E+00  2.104E-02  1.581E-02  3.544E+00  4.760E-07
4.000E+08	     1.000E+08		3.000E+08	3_2_1-2_2_0     68.1    218.7601   1370.4167  205.144  8.364E-03  1.663E+00  2.100E-02  1.579E-02  3.542E+00  4.775E-07

 
 
